0 5908.94376895
1000 6376.92059745
2000 6292.85530591
3000 6091.5949366
4000 5425.99546336
5000 5416.98710198
6000 6001.48575245
7000 5957.82706831
8000 6615.0980009
9000 6579.06545066
10000 6423.97853906
11000 5299.73190201
12000 6457.90907021
13000 5919.57262288
14000 6343.43248242
15000 5828.40312158
16000 5247.85518815
17000 5267.51778228
18000 6181.80282377
19000 5790.40818138
20000 6602.44174701
21000 5664.4191361
22000 6805.11004472
23000 5494.21154793
24000 5459.51478824
25000 5166.00461715
26000 5632.35369266
27000 6452.2575668
28000 6125.04087838
29000 6068.67622612
30000 6333.06914893
31000 6545.37747099
32000 5631.21257531
33000 5943.97269344
34000 5100.51320901
35000 6526.66577452
36000 6678.82032172
37000 6676.83019554
38000 6101.82827728
39000 6828.85683857
40000 6189.04050036
41000 6599.42455463
42000 5741.7615352
43000 5392.75125931
44000 5371.53337034
45000 5593.39772822
46000 6748.86639913
47000 6529.70028677
48000 6658.59490913
49000 6608.63761166
50000 6790.8223704
51000 5485.09317334
52000 6420.31215875
53000 5856.28422349
54000 5513.07483104
55000 6680.19677314
56000 5557.77958111
57000 6842.05642961
58000 5059.87250706
59000 5859.48942059
60000 5788.11429661
61000 5701.16370422
62000 6823.17378039
63000 5555.38587617
64000 6329.05303839
65000 6608.7861684
66000 5511.13426903
67000 5507.89803767
68000 5556.65691747
69000 6800.02665487
70000 6440.22844544
71000 6004.31840699
72000 5123.15433533
73000 5887.81168853
74000 6374.39352609
75000 6576.60394262
76000 5794.41690557
77000 6310.98377207
78000 5460.91789431
79000 6779.48118047
80000 5422.38288847
81000 5741.03532088
82000 6020.88454012
83000 6823.32809007
84000 5519.91408914
85000 5823.98472404
86000 6629.71313733
87000 6490.94122652
88000 5886.1550839
89000 6349.20512734
90000 5257.22974374
91000 6443.26524703
92000 6428.25600748
93000 6591.46261018
94000 6312.38636719
95000 5816.18800465
96000 5469.79967124
97000 6440.37108495
98000 6442.17899292
99000 5252.08614336
100000 5405.70095059
101000 5181.58342581
102000 6782.78040364
103000 5895.784288
104000 5139.37147844
105000 5424.53973161
106000 6347.29910616
107000 5435.32786803
108000 5353.72617818
109000 6519.7875891
110000 5317.92085183
111000 5727.43968454
112000 6184.86388849
113000 5717.60053651
114000 5402.60521347
115000 5659.31934584
116000 6057.2379334
117000 6475.9907944
118000 5453.50141543
119000 5297.29894185
120000 6773.61448733
121000 5800.18075113
122000 5493.40884445
123000 5843.87462341
124000 5677.29529716
125000 6272.81421465
126000 6113.45222642
127000 5817.91747973
128000 6171.93906344
129000 5791.49405666
130000 5661.19536583
131000 5587.36070486
132000 5096.32814446
133000 5752.7829783
134000 6477.36440978
135000 5653.1236731
136000 6285.00487048
137000 6802.3865513
138000 6562.31817277
139000 6608.33228286
140000 6243.391255
141000 5683.38161764
142000 6404.69069574
143000 5342.67238235
144000 6820.64732821
145000 5876.07831227
146000 6820.33853433
147000 5283.868739
148000 6605.900253
149000 5059.00371733
150000 6293.26252256
151000 5071.57584408
152000 6642.83386755
153000 6261.5697756
154000 6521.93471033
155000 5226.53779565
156000 5107.18837058
157000 5939.59275293
158000 6043.31597112
159000 5546.80843418
160000 6014.37839112
161000 6059.70819393
162000 6536.52450152
163000 5525.82063707
164000 5386.69492533
165000 6646.69242981
166000 6749.38993048
167000 5685.54246825
168000 5616.42064291
169000 6483.38091154
170000 6168.91867654
171000 5110.31243489
172000 6043.04958973
173000 6591.58333252
174000 6313.70225362
175000 6842.45415383
176000 6415.55599535
177000 5545.91601648
178000 5517.78332645
179000 6479.03170671
180000 5779.81856519
181000 5423.98118987
182000 6575.45149582
183000 5074.39724641
184000 6037.12082029
185000 5723.66098728
186000 5263.04260991
187000 5959.38495126
188000 5833.38995676
189000 5971.89569112
190000 6346.44868355
191000 5880.58319166
192000 6231.44405483
193000 6627.65909793
194000 6796.05792438
195000 5658.6699752
196000 5528.96793578
197000 5927.52192978
198000 5747.453981
199000 5967.01057795
200000 6511.97877827
201000 6051.30925637
202000 6613.864533
203000 5895.03513245
204000 5786.84837912
205000 5105.97927303
206000 5688.34584902
207000 6085.71042054
208000 5312.34069058
209000 5466.89389522
210000 6576.31384585
211000 6235.10317191
212000 5247.88603628
213000 5331.33488915
214000 5371.42037956
215000 5991.11051319
216000 5335.35246098
217000 5063.94398618
218000 5998.2813502
219000 6303.00566218
220000 5727.7454181
221000 6636.38297851
222000 6172.25724188
223000 6769.00761601
224000 6570.42529363
225000 5916.52703708
226000 5175.66647451
227000 6702.08475439
228000 5782.22213509
229000 6179.25835298
230000 6171.95116508
231000 5958.71616194
232000 6660.03853007
233000 5663.68775208
234000 5485.10808645
235000 6428.00462672
236000 6207.69349743
237000 6180.8356667
238000 5555.55774625
239000 5750.42893998
240000 6677.02382201
241000 6029.00821959
242000 6166.67728437
243000 6690.66830763
244000 6614.29632768
245000 6257.20682872
246000 6160.98207739
247000 5461.69220831
248000 5897.09186102
249000 5745.68928738
250000 6741.05020461
251000 5594.50154544
252000 5462.61648689
253000 5400.57221404
254000 5517.55182179
255000 6665.32280242
256000 5822.05496712
257000 5130.92674476
258000 6537.27021323
259000 5399.13935016
260000 5901.71243826
261000 5943.80493909
262000 5069.82770731
263000 5996.17163214
264000 6353.93043754
265000 5916.79797116
266000 6585.91296992
267000 6040.24042146
268000 6231.40507306
269000 6841.63716255
270000 5059.21039177
271000 6794.10055672
272000 5297.4025963
273000 6125.5350778
274000 6797.30409152
275000 5143.1000509
276000 6812.49279001
277000 5284.68295843
278000 5820.02746659
279000 6508.69006722
280000 6488.87913678
281000 6031.58404274
282000 6196.40548426
283000 5713.83309771
284000 6620.04203637
285000 5847.64503756
286000 6754.72679288
287000 5793.33087565
288000 6071.88588574
289000 5578.54491308
290000 5277.63758254
291000 5429.44725693
292000 6598.81573865
293000 6167.95772545
294000 6301.4220931
295000 5747.25534176
296000 5463.88294242
297000 5326.72205567
298000 6155.09275396
299000 5786.24742107
300000 5984.89013452
301000 5647.59675667
302000 5929.99436013
303000 6628.40887804
304000 6733.22806461
305000 5738.93629606
306000 5225.72204664
307000 6130.87699044
308000 6021.23055923
309000 6530.79811426
310000 6158.37060725
311000 5209.63508233
312000 5985.50167104
313000 5734.14518853
314000 5909.52893732
315000 5858.67973883
316000 6758.26559933
317000 5885.85119544
318000 6789.57779405
319000 5225.81812553
320000 5579.1097916
321000 6684.6751068
322000 5181.3156878
323000 5221.39483597
324000 6595.84301318
325000 6111.94323189
326000 6236.0115002
327000 6470.41129017
328000 5265.49593483
329000 5094.33041442
330000 6281.49576033
331000 5148.54993116
332000 5463.147055
333000 6623.93553428
334000 6294.25123783
335000 5671.74457654
336000 5246.21291542
337000 5247.60031171
338000 6721.98374071
339000 5133.94256182
340000 6427.48940964
341000 6138.60238793
342000 5910.94215472
343000 6313.61381327
344000 6640.21432497
345000 6504.77210384
346000 5099.42001666
347000 5591.85663963
348000 6116.14342234
349000 6373.52733062
350000 6443.55504814
351000 5371.25383395
352000 5588.19843943
353000 6594.19501417
354000 6236.3107736
355000 6478.23877481
356000 6477.90274419
357000 5965.63183693
358000 5338.3156018
359000 6199.82667431
360000 5609.97799014
361000 5943.84725435
362000 5266.28551062
363000 5079.65158674
364000 5586.92234055
365000 5719.59633278
366000 5913.50712997
367000 5477.03423841
368000 5535.75343489
369000 5532.32447229
370000 6289.95871648
371000 5328.74506094
372000 5665.91796872
373000 5328.42232758
374000 6227.11100837
375000 5507.48790531
376000 6354.10516985
377000 5146.06675694
378000 5088.92851274
379000 6659.95618121
380000 5623.299922
381000 6838.90363349
382000 6142.13861162
383000 5900.94789115
384000 5143.04566886
385000 6187.23022845
386000 6694.61020279
387000 6791.51018837
388000 6315.01513777
389000 6486.65481523
390000 5948.84853979
391000 6027.61632149
392000 5434.20280576
393000 6624.41748866
394000 6088.35782069
395000 5827.98301162
396000 5463.62379803
397000 6484.11294539
398000 6123.08273679
399000 5431.99314482
400000 6455.69666854
401000 6222.95494569
402000 5783.50798707
403000 5337.00805741
404000 6836.67907172
405000 5870.11008713
406000 6143.01772939
407000 6457.56353586
408000 6029.03868241
409000 6078.15199782
410000 5679.47027248
411000 6008.7432732
412000 6406.20247493
413000 6088.37657528
414000 5386.91488799
415000 5516.68808734
416000 5317.42567285
417000 6139.99732941
418000 5582.61876986
419000 5710.7677843
420000 5662.11260547
421000 5808.7153667
422000 5154.32421391
423000 6104.7568474
424000 6166.68644623
425000 6685.18240388
426000 6490.43463738
427000 5066.41768702
428000 6371.25988795
429000 5253.03472616
430000 6732.43924396
431000 6630.14190927
432000 5380.07811075
433000 6248.5974743
434000 5784.45877592
435000 6263.32427866
436000 6015.84450677
437000 5739.60868123
438000 6189.34616253
439000 6077.42755832
440000 6249.69714833
441000 6310.66159007
442000 5193.19141704
443000 5626.71864317
444000 5360.02160054
445000 5350.26226783
446000 6392.28278787
447000 5840.71595315
448000 5822.3717726
449000 5389.89892853
450000 5327.86159405
451000 5242.59885072
452000 6333.50311929
453000 6310.24752443
454000 6640.52090233
455000 5812.54581927
456000 5754.49819051
457000 6730.91257695
458000 5783.52225237
459000 6317.49648879
460000 6560.93230434
461000 6370.52365028
462000 5278.59102507
463000 5083.468807
464000 5803.97408723
465000 5240.97985014
466000 5608.33723934
467000 5365.96374569
468000 5563.12103904
469000 6440.91062418
470000 5820.65184858
471000 6696.60986019
472000 5253.52752292
473000 5807.37333969
474000 5280.73141204
475000 6032.87276787
476000 6124.45575975
477000 5791.90158127
478000 5639.84815134
479000 5735.09238912
480000 6032.98254762
481000 5966.79904417
482000 6473.22974064
483000 5081.29683279
484000 6214.60521381
485000 5520.87158113
486000 6134.57201062
487000 5991.40859151
488000 5311.23239158
489000 6368.55873294
490000 5309.88530412
491000 5358.80644673
492000 5092.03977722
493000 5434.28519993
494000 5876.27531315
495000 5394.95871234
496000 6203.11028402
497000 5820.04757958
498000 6055.78006783
499000 6414.59398177
500000 6155.40003355
501000 6778.21919741
502000 6337.45758552
503000 5098.36417985
504000 5606.75363412
505000 5543.17134372
506000 6505.19348402
507000 6202.97102129
508000 6032.79167478
509000 6766.6813964
510000 5426.67607129
511000 5677.24191051
512000 5926.9820844
513000 6440.56992197
514000 6294.59515725
515000 5327.79102857
516000 6150.615419
517000 6311.2254615
518000 6261.54208777
519000 5463.07940326
520000 5838.83501194
521000 6063.18683765
522000 6628.7494372
523000 6639.55004151
524000 6799.80792976
525000 6326.66381118
526000 6750.20574226
527000 6573.18899123
528000 6426.09625776
529000 6784.6745329
530000 5159.60768252
531000 5328.46493333
532000 5063.94288895
533000 5456.77786221
534000 6596.70693567
535000 6679.23802859
536000 6682.86513789
537000 5730.95663069
538000 6269.92517529
539000 5521.2600654
540000 6772.39132337
541000 6097.51584628
542000 5059.55485169
543000 6122.17430321
544000 6590.36251118
545000 6267.35660636
546000 6796.87426712
547000 5771.12420119
548000 5740.30356107
549000 6443.56155498
550000 6042.99790821
551000 5982.21952137
552000 5282.25253945
553000 6533.20159934
554000 5402.46426213
555000 6218.24894556
556000 5213.1254666
557000 6725.49252061
558000 5747.04202307
559000 5075.57576478
560000 5647.68876926
561000 6736.13186555
562000 5564.22275906
563000 6626.54476163
564000 6069.59013348
565000 6829.42822995
566000 6623.15111008
567000 5892.24487226
568000 6529.74230051
569000 5931.18112447
570000 6410.06346472
571000 6438.4005359
572000 5964.94675043
573000 5240.87002779
574000 6690.10446279
575000 5952.60921588
576000 6331.92126232
577000 5253.74936651
578000 5499.17236991
579000 6451.18804539
580000 5948.92963208
581000 6657.75034865
582000 6445.12934659
583000 6744.174615
584000 5219.71254781
585000 6339.46091217
586000 6145.36453739
587000 5496.85693818
588000 6611.12724976
589000 5475.2671103
590000 5368.16325604
591000 5559.2431441
592000 5726.1170281
593000 5062.59498691
594000 6193.01428285
595000 5728.85406659
596000 5963.39489256
597000 6093.2725113
598000 5446.3889243
599000 5997.92723403
600000 5645.93159137
601000 5237.46025989
602000 5955.27694687
603000 6170.47281587
604000 6356.13539503
605000 6040.20139931
606000 5062.28902717
607000 6773.65262956
608000 6544.06655439
609000 5289.16850618
610000 5832.81927114
611000 6049.2591242
612000 5673.96992264
613000 5856.82447894
614000 6245.38261021
615000 5537.98643201
616000 5244.86616582
617000 5378.8551773
618000 6288.64652048
619000 5690.91128725
620000 5775.26079827
621000 5695.39338532
622000 5749.76448075
623000 6391.9814871
624000 6797.56119831
625000 6512.70962781
626000 5383.53362211
627000 6161.47003722
628000 6749.82750752
629000 5604.73110708
630000 5711.16757641
631000 5855.72838383
632000 5944.7527274
633000 5602.61075081
634000 6758.07765635
635000 5802.51133353
636000 5880.10656803
637000 5139.71396472
638000 6674.30182915
639000 6168.56606761
640000 5805.46603845
641000 5682.60418686
642000 6525.42352215
643000 6271.52630275
644000 5217.93853163
645000 6059.69715823
646000 5645.72325892
647000 6330.14847624
648000 6200.39803987
649000 5399.86387151
650000 6246.58586347
651000 5285.07944905
652000 5877.86292318
653000 6043.01343987
654000 5261.4346076
655000 5401.73165466
656000 5954.5286757
657000 6576.79679131
658000 5183.34673535
659000 5558.84413619
660000 6564.51193386
661000 5283.80448035
662000 6040.29509972
663000 5699.08156861
664000 5619.43705765
665000 5166.96818469
666000 6620.69783926
667000 5260.03560456
668000 6186.9525881
669000 5364.98224258
670000 6689.06098721
671000 5105.61109048
672000 6084.63862325
673000 6650.14565522
674000 5936.71349619
675000 5537.78796682
676000 6182.18873324
677000 6598.20472004
678000 6690.69666084
679000 5107.40669014
680000 6694.53702905
681000 5708.16227353
682000 5550.07398827
683000 5312.92757687
684000 6388.0071122
685000 6708.48443048
686000 5900.42338754
687000 5287.68043432
688000 6437.98842307
689000 5707.5382253
690000 6517.33291144
691000 6718.87155691
692000 5295.19298906
693000 6271.59019201
694000 6176.09470298
695000 6088.2205157
696000 6697.21865487
697000 5159.7812727
698000 5689.34612341
699000 6224.16766714
700000 6436.52191203
701000 5093.92893207
702000 6690.42892311
703000 5719.61740634
704000 6404.01223471
705000 5620.57271525
706000 6302.93860315
707000 5772.94678039
708000 6057.30944812
709000 6551.71658244
710000 6723.89337791
711000 6239.84251982
712000 5286.79145066
713000 6168.61128022
714000 5499.72292583
715000 6708.77534999
716000 5790.92680387
717000 5885.69897689
718000 5168.31148187
719000 6590.47075708
720000 6433.13099046
721000 5078.68173897
722000 6263.5925665
723000 5474.39714734
724000 5984.41021678
725000 6706.27276649
726000 5915.41030413
727000 5810.177042
728000 5083.63354266
729000 5241.06948529
730000 6203.68757881
731000 5439.46390611
732000 5609.72597408
733000 6649.84167869
734000 5537.49898333
735000 6626.14496672
736000 5740.30931593
737000 5219.08078079
738000 5572.70283302
739000 5287.12032067
740000 5683.67565045
741000 5718.20526951
742000 6255.37634401
743000 5271.75565658
744000 6370.32163075
745000 6402.39139
746000 6687.14258693
747000 6279.31134763
748000 6349.91171212
749000 5616.96989383
750000 6664.44780599
751000 5632.35292035
752000 6463.46334889
753000 5123.64329221
754000 5483.761131
755000 5359.06173226
756000 5291.38503023
757000 5470.66554116
758000 6208.74598883
759000 6061.99947814
760000 5583.00670197
761000 6449.61131724
762000 6100.19118228
763000 5586.06304611
764000 6688.54020132
765000 5155.39280908
766000 6618.93331951
767000 5448.4435395
768000 5697.25497486
769000 5839.19230189
770000 5972.60925767
771000 5280.51520428
772000 6432.77909707
773000 5171.34532672
774000 6486.19486588
775000 6639.03681307
776000 5338.56285981
777000 5457.26610453
778000 5501.54413603
779000 6107.39377099
780000 5804.71731899
781000 5548.84827212
782000 6183.37358564
783000 5627.36197084
784000 6674.3158057
785000 5251.61433431
786000 6379.21575134
787000 6098.00805336
788000 5698.83143553
789000 5865.57139122
790000 6660.62947017
791000 5094.24776707
792000 6462.01283195
793000 5358.77175769
794000 6220.16309721
795000 6204.91527609
796000 5608.39375581
797000 6621.21301844
798000 6067.31091243
799000 6451.19196147
800000 6238.7077774
801000 6187.80086467
802000 6473.35869912
803000 6574.30800131
804000 6419.14096505
805000 6785.27591866
806000 5561.73483195
807000 5319.24127531
808000 5760.22649915
809000 5178.05483644
810000 5516.11339634
811000 6236.02913436
812000 5817.07589993
813000 5142.65751916
814000 5805.78587552
815000 6234.26499598
816000 5698.90380304
817000 5715.49793626
818000 6243.87138243
819000 5799.28043928
820000 6505.74483059
821000 5952.6716294
822000 5560.09949802
823000 6389.11202024
824000 5639.25312463
825000 5691.08849255
826000 5243.64096237
827000 5621.06121
828000 5305.83539534
829000 5172.07278442
830000 5417.65182239
831000 6689.223839
832000 6222.84786906
833000 5784.29765992
834000 6596.89754602
835000 6352.77288874
836000 5419.32394586
837000 5297.7847091
838000 6589.40797995
839000 5906.13030687
840000 5578.50101006
841000 6357.48023467
842000 6136.60611033
843000 5947.53367592
844000 5441.43485656
845000 6024.26389517
846000 5482.29098509
847000 6422.0885556
848000 6009.33806302
849000 5206.00205086
850000 6242.47664401
851000 6625.73509825
852000 5360.4493917
853000 5181.22853888
854000 6345.52150816
855000 5704.03192424
856000 5883.91911429
857000 5651.64434766
858000 6476.51986568
859000 6113.75417768
860000 5337.20950109
861000 6421.77763792
862000 6456.78281837
863000 5545.76240901
864000 5912.6316372
865000 5557.06747807
866000 5253.73865421
867000 5956.74457657
868000 6710.73210403
869000 6260.04589012
870000 5233.80548567
871000 5985.62891036
872000 6107.57223669
873000 5118.10222869
874000 6666.52081812
875000 6706.70075946
876000 6017.75894957
877000 5245.7901584
878000 6339.55250192
879000 6705.67985217
880000 5906.86073356
881000 5293.02058682
882000 5993.08411586
883000 5211.34485258
884000 6654.34281598
885000 6811.93910828
886000 5898.4968092
887000 6730.81888112
888000 6579.85270434
889000 5173.70016855
890000 6109.21937134
891000 5727.75410168
892000 5174.06793449
893000 5622.73049104
894000 6606.26514575
895000 5847.55214556
896000 5245.44451609
897000 6253.44466995
898000 6396.10590404
899000 5859.12683594
900000 5262.544963
901000 6830.5166207
902000 5384.18398108
903000 6515.2064634
904000 6581.52748883
905000 6365.79045884
906000 6828.32948221
907000 5532.02681342
908000 6786.64649151
909000 6602.31729205
910000 5372.19077292
911000 6111.31944386
912000 6541.60474921
913000 5920.38807493
914000 5742.31147925
915000 5438.98836182
916000 5297.35714429
917000 6443.58874093
918000 5395.03933692
919000 6051.81634089
920000 6531.08545355
921000 5899.08354042
922000 5080.52615255
923000 5135.33127202
924000 6154.90632243
925000 6001.08548174
926000 6716.86932872
927000 5111.19531758
928000 5980.90450435
929000 5303.49229165
930000 6584.24094636
931000 5567.47343555
932000 5436.04178108
933000 5670.7022432
934000 6586.44816026
935000 5934.35022026
936000 6712.07718765
937000 5492.72807721
938000 6551.25855037
939000 5238.81591579
940000 5675.65157517
941000 6637.16558902
942000 5758.52585357
943000 6111.83354684
944000 5058.86057
945000 5713.15573134
946000 5384.12918613
947000 5060.24124211
948000 5492.28519976
949000 6534.61977854
950000 5690.42498927
951000 5694.30266205
952000 6393.3329087
953000 5090.01277871
954000 5436.14978356
955000 5419.32049187
956000 5144.89603727
957000 6803.30066299
958000 5228.95290216
959000 6401.70226605
960000 5737.7794575
961000 6309.20415466
962000 5995.02685634
963000 5575.66569694
964000 6024.88551053
965000 6014.19190136
966000 6603.91252499
967000 6175.74075685
968000 6019.22380935
969000 5151.86614411
970000 6823.91221629
971000 5625.34504446
972000 5467.44140367
973000 5373.76237038
974000 5381.22441252
975000 5497.48467508
976000 6408.26462908
977000 6462.94583551
978000 6644.63316002
979000 6075.14931202
980000 5645.85895294
981000 6214.99462665
982000 5991.80840245
983000 6391.69892224
984000 6652.83431304
985000 5883.35215371
986000 5834.40484761
987000 6030.81701317
988000 5544.25535909
989000 6726.84399193
990000 5972.12783372
991000 5720.82339299
992000 5460.3488965
993000 6630.97051666
994000 6169.77478963
995000 6640.94221022
996000 5277.62233227
997000 5440.42227529
998000 6753.14337333
999000 6757.5088673
1000000 6017.2235789
1001000 6283.88781502
1002000 6258.39749475
1003000 6582.1089656
1004000 6790.21220394
1005000 6299.46121668
1006000 6596.58987498
1007000 6226.08641321
1008000 5549.40959236
1009000 5786.64592185
1010000 5527.57086548
1011000 5088.71541845
1012000 5207.73009939
1013000 6647.57638936
1014000 5443.33909606
1015000 5977.48736132
1016000 5079.84032063
1017000 6010.01165516
1018000 5559.91874895
1019000 6588.6069347
1020000 6111.309414
1021000 6815.78753867
1022000 5943.20492865
1023000 6686.70168669
1024000 6115.40052672
1025000 6797.70917235
1026000 6502.73131945
1027000 5947.10431709
1028000 6823.94825747
1029000 6643.57851026
1030000 5828.20689916
1031000 5097.14724315
1032000 6396.33262473
1033000 5714.32063771
1034000 6405.33678517
1035000 6750.20368595
1036000 5540.41622758
1037000 6374.82278406
1038000 5853.8385273
1039000 6802.02839685
1040000 5534.47320948
1041000 6478.67262499
1042000 6487.80895617
1043000 6357.49049203
1044000 5588.66668898
1045000 5702.70714518
1046000 5527.85157016
1047000 6146.80003864
1048000 5348.77092998
1049000 5502.68633822
1050000 5306.33168034
1051000 5227.70358762
1052000 5992.74103333
1053000 6011.07884869
1054000 5529.98930474
1055000 6383.78746943
1056000 5319.4415594
1057000 5300.31611277
1058000 6676.73652852
1059000 6122.4582018
1060000 6001.12676609
1061000 6539.28747347
1062000 5955.02224027
1063000 6232.72295899
1064000 5945.21974797
1065000 6501.56701415
1066000 6453.52487924
1067000 5642.3291472
1068000 6018.22576226
1069000 6833.61792034
1070000 5661.74486195
1071000 6100.30485272
1072000 5728.74196046
1073000 6000.60130245
1074000 6330.53437142
1075000 6597.49036265
1076000 5367.29028417
1077000 5234.66367743
1078000 6440.5864407
1079000 5986.5182919
1080000 5835.76040834
1081000 5370.40685754
1082000 5936.93778387
1083000 5300.842134
1084000 5483.30620646
1085000 6093.45936159
1086000 5291.57742983
1087000 5650.75039204
1088000 5784.0318674
1089000 5165.12457447
1090000 6488.91030684
1091000 5434.48462141
1092000 5265.47231607
1093000 6543.91289482
1094000 5250.83247731
1095000 5584.46857826
1096000 5376.53722824
1097000 6810.07552543
1098000 5658.52570661
1099000 6340.13389066
1100000 5160.6342816
1101000 5214.73616163
1102000 5402.89092286
1103000 6179.31411632
1104000 5389.82193203
1105000 5087.77869714
1106000 5681.78856444
1107000 5548.65769978
1108000 5985.22733767
1109000 5882.046922
1110000 5783.7974111
1111000 5660.4673183
1112000 5928.29985505
1113000 6812.13682389
1114000 6403.93450364
1115000 5918.30411914
1116000 6726.68966336
1117000 5645.84118472
1118000 6215.71163117
1119000 5187.78484485
1120000 5651.4476072
1121000 5253.37398334
1122000 5344.805491
1123000 5372.72978289
1124000 5872.8647001
1125000 6819.0466947
1126000 5308.42880026
1127000 5644.51757669
1128000 5279.042222
1129000 6610.34523012
1130000 5236.2125959
1131000 5661.7778545
1132000 6582.71974077
1133000 5278.2636018
1134000 6523.87243477
1135000 5824.40605149
1136000 5444.35592149
1137000 6217.63059099
1138000 6487.93616141
1139000 5850.57812052
1140000 5996.464476
1141000 6529.7999145
1142000 6021.22057764
1143000 5355.11667859
1144000 6631.69660713
1145000 5262.56486625
1146000 5708.99232786
1147000 6761.59430911
1148000 6345.20673874
1149000 6762.83470671
1150000 5789.74035354
1151000 5195.93267104
1152000 6610.58942545
1153000 6533.48403047
1154000 5651.38746317
1155000 5495.78314316
1156000 6777.62620968
1157000 5660.12625442
1158000 5900.1350865
1159000 5657.66732941
1160000 5924.38632927
1161000 6318.12857017
1162000 5128.35068454
1163000 5993.0854716
1164000 5148.46773049
1165000 5551.32589883
1166000 6736.78116876
1167000 5628.07150048
1168000 6031.166685
1169000 6190.30681382
1170000 6456.27410753
1171000 6701.04499186
1172000 5277.33134313
1173000 5254.12185253
1174000 6354.28359361
1175000 6066.67148043
1176000 6392.0799514
1177000 5639.25061532
1178000 6229.30191593
1179000 5463.4975153
1180000 6453.0679759
1181000 5252.73641711
1182000 5448.78242548
1183000 5988.88588121
1184000 5330.32028869
1185000 5132.89376981
1186000 5405.13987387
1187000 5637.95714261
1188000 6724.28358647
1189000 6125.73443261
1190000 5809.18898191
1191000 6715.17360899
1192000 6180.55605013
1193000 5724.4563847
1194000 6060.62629294
1195000 5102.72077986
1196000 6594.14686316
1197000 6803.68527354
1198000 5129.20041356
1199000 6087.01169677
1200000 5704.73900805
1201000 6732.18075206
1202000 5973.58324553
1203000 6061.39009241
1204000 5684.26770654
1205000 6067.49960129
1206000 6196.1401555
1207000 6015.01669446
1208000 6715.66472245
1209000 6106.68738178
1210000 6671.39264964
1211000 6432.08398754
1212000 5682.26889562
1213000 5432.35807994
1214000 6223.78451008
1215000 6295.32622746
1216000 5960.26031616
1217000 5183.49186991
1218000 5626.87326644
1219000 5928.46846271
1220000 6213.63903407
1221000 5785.74632207
1222000 5179.11386248
1223000 5283.48031518
1224000 5978.23353187
1225000 5245.58722859
1226000 5605.71486271
1227000 6386.38425261
1228000 6655.0840871
1229000 5343.16282814
1230000 6215.90179354
1231000 5556.63672666
1232000 5891.15425078
1233000 6713.79337148
1234000 6079.52432629
1235000 5237.57920973
1236000 5324.78705572
1237000 6020.00116287
1238000 6268.36593525
1239000 6488.3045983
1240000 5627.99545125
1241000 6184.88167739
1242000 6572.46113055
1243000 6443.48189809
1244000 6353.1085265
1245000 6694.30400224
1246000 5279.15136312
1247000 5702.56689477
1248000 6468.88263071
1249000 5799.66907549
1250000 5382.74507895
1251000 5578.43917903
1252000 6823.96491315
1253000 6786.93651457
1254000 5768.46863882
1255000 5402.54011219
1256000 6415.05902386
1257000 5478.16517716
1258000 6169.20101749
1259000 6581.16131821
1260000 6351.54539831
1261000 5085.18957875
1262000 5915.62858991
1263000 6731.64057228
1264000 6792.19804657
1265000 6720.0398595
1266000 5554.03638167
1267000 5503.71371051
1268000 6516.8580034
1269000 6581.99691908
1270000 6670.68114191
1271000 6408.57595231
1272000 5700.63364733
1273000 6447.21065484
1274000 5722.82735507
1275000 6109.73926882
1276000 5995.72852421
1277000 5992.22788038
1278000 5226.18298801
1279000 5306.26281295
1280000 5308.19084842
1281000 6711.34026583
1282000 5897.56150236
1283000 6218.19268902
1284000 6115.68856386
1285000 5931.68949993
1286000 6103.74310698
1287000 6524.03222102
1288000 5685.765373
1289000 6145.22963846
1290000 5088.56634274
1291000 5944.0771753
1292000 6503.52185722
1293000 6324.70506908
1294000 6311.53068382
1295000 5349.67180841
1296000 6399.43047119
1297000 6703.08632732
1298000 6318.91197383
1299000 6295.84862534
1300000 6372.63310843
1301000 6757.40438207
1302000 6325.79025435
1303000 5872.65579978
1304000 5622.21395993
1305000 6182.47226477
1306000 6210.93560831
1307000 6258.74580784
1308000 6044.0092079
1309000 5711.67202071
1310000 6279.83636865
1311000 5213.76390829
1312000 5660.46262739
1313000 6248.08907998
1314000 5730.79192613
1315000 5118.93651581
1316000 6406.23381295
1317000 6681.69992878
1318000 5074.82444001
1319000 6345.0176978
1320000 6368.89590517
1321000 5664.16047888
1322000 6071.93110994
1323000 5779.62813427
1324000 6728.24437283
1325000 6251.29045619
1326000 5166.5701266
1327000 6372.2484107
1328000 5214.72990412
1329000 5258.33689133
1330000 6542.44590819
1331000 5610.26249365
1332000 6091.07089058
1333000 5278.64953101
1334000 6063.6823356
1335000 5354.10719027
1336000 6648.54393552
1337000 5643.39195689
1338000 5947.08690406
1339000 5689.32706956
1340000 5850.1187037
1341000 5820.55702396
1342000 5275.24375977
1343000 5996.12155751
1344000 5487.95008299
1345000 5090.66812196
1346000 6425.68894238
1347000 6834.37749387
1348000 5752.01406415
1349000 5164.90763141
1350000 6200.72192063
1351000 6607.90916386
1352000 5210.58487444
1353000 6497.79284446
1354000 6807.39949268
1355000 6821.94734824
1356000 6705.0587706
1357000 6494.99189027
1358000 5412.99129252
1359000 5402.23199213
1360000 5502.11629776
1361000 5390.01982559
1362000 5951.42850152
1363000 5552.20962708
1364000 6543.65465413
1365000 6352.46104712
1366000 5854.5821608
1367000 5718.31228365
1368000 5369.5188749
1369000 5272.20002321
1370000 5566.26058887
1371000 5877.3081068
1372000 6155.85452059
1373000 5566.43862232
1374000 5916.50153415
1375000 6516.41547266
1376000 5628.18005483
1377000 5908.77845532
1378000 5131.17297269
1379000 5714.89926594
1380000 5339.1003823
1381000 5547.10776635
1382000 6339.61764263
1383000 6471.26744497
1384000 5098.84754798
1385000 6236.40637326
1386000 5162.48033887
1387000 5753.54191778
1388000 5479.08649927
1389000 5688.77650242
1390000 6215.66061787
1391000 5879.3322987
1392000 6258.27245262
1393000 6628.8756617
1394000 6429.87948377
1395000 5707.79436828
1396000 5296.0559348
1397000 5873.63383592
1398000 6367.02383568
1399000 5736.67651482
1400000 5692.27677396
1401000 6545.16478961
1402000 5363.42803557
1403000 6395.2102518
1404000 5410.8613551
1405000 5605.4567703
1406000 6255.80420359
1407000 5325.31766549
1408000 6277.27420389
1409000 6551.98589649
1410000 5130.91367596
1411000 5582.73128364
1412000 5668.13306701
1413000 5907.78671335
1414000 5614.85429946
1415000 5331.00980085
1416000 6333.13587738
1417000 5822.71691782
1418000 5150.31682193
1419000 5588.53452865
1420000 5635.73028368
1421000 5243.0039874
1422000 6518.8155683
1423000 6788.14118881
1424000 5375.5045327
1425000 6197.39433996
1426000 5733.92881808
1427000 6491.8015905
1428000 5763.13652657
1429000 5950.16183655
1430000 5820.21401348
1431000 5267.35152484
1432000 6060.08872291
1433000 5483.33375749
1434000 5649.09584675
1435000 6295.45129192
1436000 6698.16853257
1437000 6051.94382247
1438000 5608.41176774
1439000 6021.98536818
1440000 6119.54980329
1441000 5625.35010252
1442000 5299.62864778
1443000 5497.10482474
1444000 6715.38187739
1445000 6127.69242234
1446000 5766.43919621
1447000 6574.76897847
1448000 6394.43309561
1449000 5457.06794055
1450000 5848.24515704
1451000 5399.99864851
1452000 5728.8152491
1453000 6133.32025235
1454000 5742.194656
1455000 5625.09881017
1456000 5122.08006846
1457000 6531.69591946
1458000 5857.86482599
1459000 6835.82163717
1460000 6826.62828831
1461000 5371.51913506
1462000 5330.85045556
1463000 6418.90515605
1464000 6172.95193225
1465000 5184.6667409
1466000 6495.95827213
1467000 6391.54090345
1468000 5841.95564728
1469000 6233.83052315
1470000 6702.91479602
1471000 5987.74083913
1472000 6610.27368559
1473000 6541.24899652
1474000 5716.4137483
1475000 6733.76650505
1476000 5475.57841678
1477000 5204.13622114
1478000 5299.09784062
1479000 5961.78096565
1480000 6839.02306325
1481000 5928.24460485
1482000 6627.68219925
1483000 5883.97713734
1484000 6545.67301607
1485000 5950.82074318
1486000 5095.65265204
1487000 6683.39320748
1488000 6164.65510144
1489000 5443.78507922
1490000 5696.51944999
1491000 6170.34374516
1492000 6521.30146506
1493000 6147.26148437
1494000 5436.96283713
1495000 6637.01266496
1496000 5834.08699488
1497000 6080.75819011
1498000 5588.39253167
1499000 5235.79961265
1500000 6218.84373285
1501000 6091.6204091
1502000 5840.87629182
1503000 5699.98613795
1504000 5369.60388244
1505000 6492.96524089
1506000 5314.74783568
1507000 5589.8799999
1508000 5673.73935012
1509000 5240.81712081
1510000 6588.58428765
1511000 5181.69768585
1512000 5258.80657896
1513000 5891.86098151
1514000 6573.79013581
1515000 5519.65045282
1516000 5133.13549295
1517000 6129.72561073
1518000 5601.29193837
1519000 6480.23432356
1520000 6406.18765647
1521000 6492.94077008
1522000 5079.42493209
1523000 6343.26060429
1524000 6441.61124462
1525000 6496.78243554
1526000 6792.07165912
1527000 6624.88800005
1528000 5254.56306207
1529000 5732.82897721
1530000 6711.38069172
1531000 5073.26817748
1532000 6293.92146391
1533000 6223.27512466
1534000 6422.27206291
1535000 6752.14008138
1536000 5438.1836763
1537000 5518.89053939
1538000 6811.34888993
1539000 6093.26253946
1540000 6113.62117763
1541000 5204.6883381
1542000 5967.16172308
1543000 6161.68723245
1544000 5875.7866837
1545000 6251.59127339
1546000 5932.06723214
1547000 6479.59425903
1548000 6031.71473136
1549000 5651.34146038
1550000 5588.38225972
1551000 6708.13205777
1552000 6538.00147193
1553000 5293.68420057
1554000 5113.30274905
1555000 5127.57924988
1556000 5086.13526343
1557000 6024.48065194
1558000 5500.06197708
1559000 6364.68529124
1560000 6039.93079041
1561000 6689.73760929
1562000 5601.75711002
1563000 5195.26447723
1564000 5859.02079224
1565000 5707.16994642
1566000 5863.85178941
1567000 6606.94937893
1568000 5169.54867803
1569000 6279.63596603
1570000 6777.84509111
1571000 5510.70069662
1572000 5979.76870002
1573000 6527.48254374
1574000 5777.84705574
1575000 6683.67176721
1576000 6824.62428793
1577000 5677.81062948
1578000 5632.68921386
1579000 5338.54528858
1580000 5138.06371426
1581000 6225.6361336
1582000 5588.51404123
1583000 6484.71661106
1584000 5512.64932242
1585000 5585.12351885
1586000 6797.26384106
1587000 5387.34127061
1588000 6222.14332909
1589000 6386.19210312
1590000 6362.17021353
1591000 5435.92932741
1592000 6402.70348539
1593000 5630.22738631
1594000 5450.10159087
1595000 6007.84161353
1596000 5693.39477199
1597000 5208.04011981
1598000 6506.85631775
1599000 5708.0028924
1600000 6152.73966233
1601000 5864.34792467
1602000 5245.90017926
1603000 6267.32977722
1604000 6123.7372848
1605000 6838.11854249
1606000 6778.18167483
1607000 5297.4622927
1608000 6615.74331379
1609000 5482.12397345
1610000 6596.74232056
1611000 6579.72907287
1612000 5525.53597576
1613000 5758.9143484
1614000 5200.37557598
1615000 5128.2436658
1616000 6796.11284014
1617000 5859.9818916
1618000 6756.59906986
1619000 6257.6011793
1620000 5807.04057571
1621000 5960.47904586
1622000 5532.62143648
1623000 5806.40949168
1624000 5570.95045329
1625000 5822.63831161
1626000 6681.89313534
1627000 6600.69346368
1628000 6037.04706119
1629000 5113.69205861
1630000 6571.58835359
1631000 6188.93526897
1632000 5849.74058999
1633000 5206.74639994
1634000 6389.25938954
1635000 6111.99665448
1636000 6113.96859802
1637000 6487.49170087
1638000 5540.467743
1639000 5851.46464351
1640000 5876.05537507
1641000 6822.46838068
1642000 6157.53175245
1643000 6203.53770155
1644000 5513.08055978
1645000 5624.16191849
1646000 6271.28939869
1647000 6514.14424496
1648000 6249.21425658
1649000 6498.58424768
1650000 5347.83576305
1651000 6441.37189289
1652000 6143.29969531
1653000 6138.66614615
1654000 5753.24013251
1655000 6119.15899267
1656000 5655.76235746
1657000 5221.93079359
1658000 6182.54341199
1659000 6401.96084705
1660000 5226.84376244
1661000 6594.82647917
1662000 6514.44828878
1663000 5672.09209434
1664000 6061.80295351
1665000 5575.27689343
1666000 5451.88330754
1667000 5393.37772172
1668000 5881.123852
1669000 6557.40342328
1670000 5638.56795977
1671000 5590.57123466
1672000 5858.94381333
1673000 5868.52495308
1674000 6360.1328237
1675000 5610.59837632
1676000 5436.43092204
1677000 6201.94619189
1678000 6781.91483543
1679000 5331.74863751
1680000 6129.14232428
1681000 6288.40825489
1682000 5753.96686747
1683000 5560.4810933
1684000 5488.78311922
1685000 6587.79816662
1686000 5653.92504594
1687000 5873.14152962
1688000 5527.95071248
1689000 5611.83287448
1690000 5946.77964729
1691000 6041.3672537
1692000 5965.91661113
1693000 5469.08658463
1694000 5199.65533354
1695000 5419.04489324
1696000 6101.70222951
1697000 5691.24543531
1698000 6116.56330821
1699000 6481.78463642
1700000 6009.26715725
1701000 6036.82146124
1702000 6790.06049654
1703000 5060.64665019
1704000 5172.51424759
1705000 6613.51437822
1706000 5810.26560467
1707000 5849.0178093
1708000 5339.1459446
1709000 6381.13708044
1710000 5556.97030411
1711000 6488.7240758
1712000 6381.67516103
1713000 5809.22078665
1714000 6421.03851391
1715000 6615.27976255
1716000 5835.47965607
1717000 5700.09480303
1718000 5279.67116324
1719000 6344.36215509
1720000 6323.3725034
1721000 5508.19093112
1722000 5355.93627055
1723000 6676.42612193
1724000 6447.06497217
1725000 6500.63339008
1726000 5360.83734179
1727000 5496.82318965
1728000 5129.83503826
1729000 6314.21242815
1730000 5288.33666951
1731000 6399.34133977
1732000 5440.97062762
1733000 5152.00310124
1734000 6657.86611461
1735000 6022.86171607
1736000 5995.58178852
1737000 5516.93244481
1738000 5145.57560707
1739000 5465.58248929
1740000 5085.59624646
1741000 5449.81738471
1742000 6095.78405181
1743000 6439.25573429
1744000 5616.82301962
1745000 6382.3817674
1746000 5412.34073825
1747000 5828.155913
1748000 5530.43286706
1749000 6690.04513016
1750000 5224.7797345
1751000 5949.9920987
1752000 6220.98752994
1753000 5634.45891304
1754000 5355.50404708
1755000 5313.32857568
1756000 5462.33957964
1757000 6593.97091138
1758000 6155.11330877
1759000 5738.63304454
1760000 5061.06718414
1761000 6213.90524948
1762000 5160.36484201
1763000 6485.44123796
1764000 5331.44909253
1765000 6799.11510396
1766000 5557.7554004
1767000 5734.87468045
1768000 5784.56531771
1769000 5311.77442786
1770000 6616.07128703
1771000 6813.3106175
1772000 5817.50598315
1773000 6750.2342835
1774000 5510.10000324
1775000 5442.01087731
1776000 5908.79010101
1777000 6427.49428669
1778000 5900.40935929
1779000 5151.45431366
1780000 5822.08670073
1781000 5180.40723152
1782000 5140.67830285
1783000 6406.1580912
1784000 6240.84193631
1785000 5562.08625984
1786000 5886.7652411
1787000 5589.48117023
1788000 6028.16960906
1789000 5806.87369834
1790000 5097.86136837
1791000 6724.13754998
1792000 5715.42071836
1793000 5387.46594575
1794000 5621.11596613
1795000 5120.2971076
1796000 5232.97553493
1797000 5065.72574536
1798000 6302.70823167
1799000 6461.77115366
